	Pyruvic-Acid-Methyl-Ester	Tween-40	Tween-80	alpha-Cyclodextrin	Glycogen	D-Cellobiose	alpha-D-Lactose	beta-Methyl-D-Glucoside	D-Xylose	i-Erythritol	D-Mannitol	N-Acetyl-D-Glucosamine	D-Glucosaminic-Acid	Glucose-1-Phosphate	alpha-Glycerol-Phosphate	D-Galactonic-Acid-gamma-Lactone	D-Galacturonic-Acid	2-Hydroxy-Benzoic-Acid	4-Hydroxy-Benzoic-Acid	gamma-Hydroxybutyric-Acid	Itaconic-Acid	alpha-Ketobutyric-Acid	D-Malic-Acid	L-Arginine	L-Asparagine	L-Phenylalanine	L-Serine	L-Threonine	Glycyl-L-Glutamic-Acid	Phenylethyl-amine	Putrescine
Pyruvic-Acid-Methyl-Ester	0	0.986132512	0.989772727	0.999078766	0.997044335	0.992831541	0.992831541	0.970873786	0.957142857	0.981818182	0.989247312	0.968992248	0.970873786	0.979310345	0.942028986	0.91954023	0.960784314	0.926470588	0.926470588	0.860465116	0.814814815	0.710526316	0.896551724	0.931818182	0.933333333	0.955555556	0.911111111	0.923076923	0.946902655	0.984126984	1
Tween-40	0.986132512	0	0.3359375	0.898809524	0.870292887	0.882278481	0.882278481	0.951111111	0.969465649	0.984567901	0.959641256	0.957446809	0.969432314	0.943661972	0.974164134	0.954954955	0.972423803	0.99851632	0.99851632	0.979623824	0.990909091	0.990697674	0.987841945	0.976470588	0.990909091	0.99276411	0.992260062	0.99695122	0.96408046	0.995475113	0.990610329
Tween-80	0.989772727	0.3359375	0	0.909288824	0.888288288	0.908912831	0.908912831	0.963576159	0.977426637	0.988623436	0.97	0.967948718	0.977124183	0.95749203	0.98087739	0.966555184	0.979347826	0.997787611	0.997787611	0.985040276	0.993265993	0.993150685	0.991001125	0.982436883	0.993265993	0.987991266	0.994298746	0.997745209	0.973031284	0.98414496	0.993103448
alpha-Cyclodextrin	0.999078766	0.898809524	0.909288824	0	0.559283088	0.886205295	0.886205295	0.970833333	0.982342007	0.990241636	0.973537604	0.97680764	0.981676592	0.961009174	0.991712707	0.980166052	0.976519337	1	0.99954317	0.998613037	0.999541284	1	0.997241379	0.997278912	0.999082148	0.999094613	0.998149861	0.997693727	0.995958689	1	1
Glycogen	0.997044335	0.870292887	0.888288288	0.559283088	0	0.744444444	0.744444444	0.934131737	0.955600404	0.974823766	0.935483871	0.947115385	0.95703125	0.912830558	0.97828233	0.956521739	0.945705824	0.999032882	0.999032882	0.995029821	0.998046875	0.999009901	0.992141454	0.993326978	0.997067449	0.997150997	0.994029851	0.994071146	0.988774556	1	1
D-Cellobiose	0.992831541	0.882278481	0.908912831	0.886205295	0.744444444	0	0	0.750943396	0.8359375	0.906614786	0.773076923	0.818481848	0.846689895	0.695804196	0.928057554	0.84	0.800724638	0.996632997	0.996632997	0.985185185	0.993031359	0.996336996	0.971530249	0.977564103	0.98951049	0.990506329	0.97761194	0.978181818	0.97005988	1	1
alpha-D-Lactose	0.992831541	0.882278481	0.908912831	0.886205295	0.744444444	0	0	0.750943396	0.8359375	0.906614786	0.773076923	0.818481848	0.846689895	0.695804196	0.928057554	0.84	0.800724638	0.996632997	0.996632997	0.985185185	0.993031359	0.996336996	0.971530249	0.977564103	0.98951049	0.990506329	0.97761194	0.978181818	0.97005988	1	1
beta-Methyl-D-Glucoside	0.970873786	0.951111111	0.963576159	0.970833333	0.934131737	0.750943396	0.750943396	0	0.552941176	0.781609195	0.601941748	0.559055118	0.677966102	0.5	0.871559633	0.588235294	0.594594595	0.991803279	0.991803279	0.957894737	0.982142857	0.979381443	0.924528302	0.948905109	0.972972973	0.978723404	0.935483871	0.918367347	0.94375	1	1
D-Xylose	0.957142857	0.969465649	0.977426637	0.982342007	0.955600404	0.8359375	0.8359375	0.552941176	0	0.568627451	0.52	0.660714286	0.633333333	0.69047619	0.8	0.539473684	0.586206897	0.988764045	1	0.918032787	0.961538462	0.984615385	0.875	0.942857143	0.961538462	0.972222222	0.918032787	0.910447761	0.929133858	1	1
i-Erythritol	0.981818182	0.984567901	0.988623436	0.990241636	0.974823766	0.906614786	0.906614786	0.781609195	0.568627451	0	0.597014925	0.833333333	0.752941176	0.852713178	0.822580645	0.763157895	0.835164835	0.986111111	1	0.833333333	0.950819672	0.979166667	0.814814815	0.943820225	0.950819672	0.967032967	0.860465116	0.88	0.9375	1	0.976190476
D-Mannitol	0.989247312	0.959641256	0.97	0.973537604	0.935483871	0.773076923	0.773076923	0.601941748	0.52	0.597014925	0	0.684615385	0.545454545	0.642335766	0.806451613	0.625	0.628571429	0.990909091	0.990909091	0.9125	0.96969697	0.988372093	0.891304348	0.944	0.96969697	0.976744186	0.925925926	0.931818182	0.917241379	1	1
N-Acetyl-D-Glucosamine	0.968992248	0.957446809	0.967948718	0.97680764	0.947115385	0.818481848	0.818481848	0.559055118	0.660714286	0.833333333	0.684615385	0	0.654411765	0.636363636	0.872180451	0.620967742	0.512195122	0.986486486	0.97260274	0.941176471	0.947761194	0.983870968	0.880952381	0.944444444	0.939849624	0.963636364	0.941176471	0.927419355	0.873563218	1	1
D-Glucosaminic-Acid	0.970873786	0.969432314	0.977124183	0.981676592	0.95703125	0.846689895	0.846689895	0.677966102	0.633333333	0.752941176	0.545454545	0.654411765	0	0.662162162	0.85046729	0.5	0.514285714	0.948717949	0.939655172	0.887640449	0.914285714	0.957894737	0.787234043	0.875	0.8125	0.892307692	0.777777778	0.752941176	0.792857143	1	1
Glucose-1-Phosphate	0.979310345	0.943661972	0.95749203	0.961009174	0.912830558	0.695804196	0.695804196	0.5	0.69047619	0.852713178	0.642335766	0.636363636	0.662162162	0	0.759398496	0.652173913	0.595744681	0.987730061	0.981481481	0.955555556	0.966887417	0.985611511	0.916666667	0.95505618	0.96	0.978021978	0.947761194	0.942857143	0.917948718	1	1
alpha-Glycerol-Phosphate	0.942028986	0.974164134	0.98087739	0.991712707	0.97828233	0.928057554	0.928057554	0.871559633	0.8	0.822580645	0.806451613	0.872180451	0.85046729	0.759398496	0	0.766666667	0.85046729	0.988764045	0.965517241	0.821428571	0.905405405	0.952380952	0.826086957	0.922330097	0.92	0.952830189	0.9	0.957142857	0.876033058	1	0.983050847
D-Galactonic-Acid-gamma-Lactone	0.91954023	0.954954955	0.966555184	0.980166052	0.956521739	0.84	0.84	0.588235294	0.539473684	0.763157895	0.625	0.620967742	0.5	0.652173913	0.766666667	0	0.5	0.952830189	0.942857143	0.9125	0.926315789	0.964285714	0.771084337	0.909090909	0.903225806	0.944	0.87012987	0.839506173	0.837037037	1	1
D-Galacturonic-Acid	0.960784314	0.972423803	0.979347826	0.976519337	0.945705824	0.800724638	0.800724638	0.594594595	0.586206897	0.835164835	0.628571429	0.512195122	0.514285714	0.595744681	0.85046729	0.5	0	0.948717949	0.939655172	0.935483871	0.914285714	0.96875	0.8	0.956521739	0.903846154	0.941176471	0.887640449	0.835164835	0.895424837	1	1
2-Hydroxy-Benzoic-Acid	0.926470588	0.99851632	0.997787611	1	0.999032882	0.996632997	0.996632997	0.991803279	0.988764045	0.986111111	0.990909091	0.986486486	0.948717949	0.987730061	0.988764045	0.952830189	0.948717949	0	0.5	0.952380952	0.85915493	0.9	0.890410959	0.972222222	0.961538462	0.819148936	0.9	0.910447761	0.96969697	0.842857143	1
4-Hydroxy-Benzoic-Acid	0.926470588	0.99851632	0.997787611	0.99954317	0.999032882	0.996632997	0.996632997	0.991803279	1	1	0.990909091	0.97260274	0.939655172	0.981481481	0.965517241	0.942857143	0.939655172	0.5	0	0.935483871	0.875	0.9	0.905405405	0.972222222	0.934210526	0.831578947	0.952380952	0.957142857	0.903225806	0.842857143	1
gamma-Hydroxybutyric-Acid	0.860465116	0.979623824	0.985040276	0.998613037	0.995029821	0.985185185	0.985185185	0.957894737	0.918032787	0.833333333	0.9125	0.941176471	0.887640449	0.955555556	0.821428571	0.9125	0.935483871	0.952380952	0.935483871	0	0.733333333	0.764705882	0.704545455	0.84	0.787234043	0.898734177	0.8	0.934782609	0.833333333	0.944444444	0.909090909
Itaconic-Acid	0.814814815	0.990909091	0.993265993	0.999541284	0.998046875	0.993031359	0.993031359	0.982142857	0.961538462	0.950819672	0.96969697	0.947761194	0.914285714	0.966887417	0.905405405	0.926315789	0.914285714	0.85915493	0.875	0.733333333	0	0.733333333	0.530612245	0.9375	0.736842105	0.891304348	0.86	0.933333333	0.824074074	0.971428571	1
alpha-Ketobutyric-Acid	0.710526316	0.990697674	0.993150685	1	0.999009901	0.996336996	0.996336996	0.979381443	0.984615385	0.979166667	0.988372093	0.983870968	0.957894737	0.985611511	0.952380952	0.964285714	0.96875	0.9	0.9	0.764705882	0.733333333	0	0.760869565	0.925925926	0.8125	0.9125	0.833333333	0.860465116	0.912621359	0.963636364	1
D-Malic-Acid	0.896551724	0.987841945	0.991001125	0.997241379	0.992141454	0.971530249	0.971530249	0.924528302	0.875	0.814814815	0.891304348	0.880952381	0.787234043	0.916666667	0.826086957	0.771084337	0.8	0.890410959	0.905405405	0.704545455	0.530612245	0.760869565	0	0.891304348	0.588235294	0.827586207	0.704545455	0.745098039	0.766990291	0.971428571	1
L-Arginine	0.931818182	0.976470588	0.982436883	0.997278912	0.993326978	0.977564103	0.977564103	0.948905109	0.942857143	0.943820225	0.944	0.944444444	0.875	0.95505618	0.922330097	0.909090909	0.956521739	0.972222222	0.972222222	0.84	0.9375	0.925925926	0.891304348	0	0.813953488	0.871794872	0.791666667	0.880952381	0.782945736	0.96969697	0.890410959
L-Asparagine	0.933333333	0.990909091	0.993265993	0.999082148	0.997067449	0.98951049	0.98951049	0.972972973	0.961538462	0.950819672	0.96969697	0.939849624	0.8125	0.96	0.92	0.903225806	0.903846154	0.961538462	0.934210526	0.787234043	0.736842105	0.8125	0.588235294	0.813953488	0	0.740740741	0.642857143	0.769230769	0.778846154	0.941176471	0.959183673
L-Phenylalanine	0.955555556	0.99276411	0.987991266	0.999094613	0.997150997	0.990506329	0.990506329	0.978723404	0.972222222	0.967032967	0.976744186	0.963636364	0.892307692	0.978021978	0.952830189	0.944	0.941176471	0.819148936	0.831578947	0.898734177	0.891304348	0.9125	0.827586207	0.871794872	0.740740741	0	0.791666667	0.86746988	0.878571429	0.602739726	0.9875
L-Serine	0.911111111	0.992260062	0.994298746	0.998149861	0.994029851	0.97761194	0.97761194	0.935483871	0.918032787	0.860465116	0.925925926	0.941176471	0.777777778	0.947761194	0.9	0.87012987	0.887640449	0.9	0.952380952	0.8	0.86	0.833333333	0.704545455	0.791666667	0.642857143	0.791666667	0	0.558823529	0.88	0.963636364	0.971428571
L-Threonine	0.923076923	0.99695122	0.997745209	0.997693727	0.994071146	0.978181818	0.978181818	0.918367347	0.910447761	0.88	0.931818182	0.927419355	0.752941176	0.942857143	0.957142857	0.839506173	0.835164835	0.910447761	0.957142857	0.934782609	0.933333333	0.860465116	0.745098039	0.880952381	0.769230769	0.86746988	0.558823529	0	0.908256881	1	1
Glycyl-L-Glutamic-Acid	0.946902655	0.96408046	0.973031284	0.995958689	0.988774556	0.97005988	0.97005988	0.94375	0.929133858	0.9375	0.917241379	0.873563218	0.792857143	0.917948718	0.876033058	0.837037037	0.895424837	0.96969697	0.903225806	0.833333333	0.824074074	0.912621359	0.766990291	0.782945736	0.778846154	0.878571429	0.88	0.908256881	0	0.967479675	0.980769231
Phenylethyl-amine	0.984126984	0.995475113	0.98414496	1	1	1	1	1	1	1	1	1	1	1	1	1	1	0.842857143	0.842857143	0.944444444	0.971428571	0.963636364	0.971428571	0.96969697	0.941176471	0.602739726	0.963636364	1	0.967479675	0	0.9375
Putrescine	1	0.990610329	0.993103448	1	1	1	1	1	1	0.976190476	1	1	1	1	0.983050847	1	1	1	1	0.909090909	1	1	1	0.890410959	0.959183673	0.9875	0.971428571	1	0.980769231	0.9375	0
